Analiza strat jednego neuronu dla każdego wejścia

0.3480338488127797
0.0
0.0
0.0
0.0
0.0
0.0
0.0
0.0
0.0
0.0
0.0
0.0
0.4635100475933245
0.0
0.0
0.29959515690115834
0.48313503801183444
0.6517777899800922
0.0
0.0
0.1516966764323132
0.0
0.4098079668659227
0.5392495052798023
0.18884905914624187
0.0
0.22585659826284524
0.4098079668659227
0.0
0.18884905914624187
0.38685782836199734
0.22585659826284524
0.0
0.0
0.1516966764323132
0.0
0.0
0.0
0.0
0.0
0.0
0.0
0.0
0.0
0.4098079668659227
0.0
0.0
0.0
0.0
0.0
0.0
0.0
0.0
0.0
0.0
0.0
0.26883696103217575
0.0
0.0
0.0
0.18884905914624187
0.18884905914624187
0.0
0.0
0.0
0.0
0.0
0.0
0.0
0.0
0.0
0.0
0.0
0.0
0.0
0.18884905914624187
0.0
0.22585659826284524
0.0
0.0
0.0
0.0
0.3480338488127797
0.0
0.0
0.0
0.0
0.0
0.0
0.0
0.18884905914624187
0.6143804552697139
0.0
0.5709142090481281
0.0
0.0
0.22807682063024745
0.29959515690115834
0.0
0.5014710525910483
0.0
0.0
0.4253243628307147
0.0
0.3480338488127797
0.22585659826284524
0.0
0.0
0.6661811341316292
0.1516966764323132
0.0
0.446482365708678
0.0
0.0
0.0
0.0
0.0
0.0
0.0
0.0
0.0
0.4635100475933245
0.0
0.0
0.22585659826284524
0.0
0.5563896873590837
0.18884905914624187
0.4635100475933245
0.7693393684478054
0.0
0.0
0.0
0.0
0.0
0.22585659826284524
0.3731068276667382
0.29959515690115834
0.0
0.0
0.0
0.0
0.4635100475933245
0.0
0.48313503801183444
0.0
0.0
0.0
0.18884905914624187
0.18884905914624187
0.0
0.0
0.0
0.0
0.0
0.9963692345323804
0.1516966764323132
0.7485772582967894
0.0
0.0
0.0
0.0
0.446482365708678
0.0
0.0
0.18884905914624187
0.0
0.0
0.4098079668659227
0.0
0.47754189799469116
0.906721580140607
0.0
0.0
0.0
0.0
0.0
0.0
0.38685782836199734
0.18884905914624187
0.18884905914624187
0.0
0.5564597394734186
0.0
0.0
0.0
0.18884905914624187
0.0
0.1516966764323132
0.0
0.0
0.18884905914624187
0.0
0.0
0.0
0.0
0.0
0.0
0.0
0.0
0.3480338488127797
0.0
0.5197698178706155
0.0
0.0
0.446482365708678
0.0
0.1516966764323132
0.446482365708678
0.4253243628307147
0.5197698178706155
0.0
0.1516966764323132
0.38685782836199734
0.0
0.1516966764323132
0.0
0.7864513571361181
0.43734339370197783
0.0
0.0
0.26276274686132095
0.0
0.0
0.0
0.29959515690115834
0.0
0.0
0.18884905914624187
0.0
0.0
0.0
0.43734339370197783
0.0
0.0
0.0
0.0
0.0
0.0
0.0
0.0
0.0
0.0
0.0
0.7263162456338736
0.0
0.0
0.0
0.0
0.0
0.1516966764323132
0.0
0.336372263022017
0.0
0.0
0.4635100475933245
0.0
0.0
0.0
0.0
0.18884905914624187
0.0
0.4635100475933245
0.0
0.0
0.0
0.0
0.0
0.48313503801183444
0.0
0.1516966764323132
0.6339854236752526
0.0
0.0
0.0
0.1516966764323132
0.0
0.0
0.0
0.26276274686132095
0.336372263022017
0.0
0.0
0.5014710525910483
0.1516966764323132
0.0
0.0
0.0
0.7303619910909744
0.0
0.0
0.0
0.9368489426427419
0.1516966764323132
0.0
0.0
0.0
0.0
0.0
0.0
0.0
0.6339854236752526
0.22585659826284524
0.0
0.0
0.0
0.0
0.0
0.0
0.1516966764323132
0.0
0.0
0.1516966764323132
0.0
0.0
0.38685782836199734
0.0
0.0
0.0
0.0
0.0
0.1516966764323132
0.0
0.26276274686132095
0.0
0.0
0.0
0.1516966764323132
0.0
0.48313503801183444
0.6295936414472689
0.30874519065891143
0.0
0.26276274686132095
0.0
0.26883696103217575
0.0
0.0
0.0
0.0
0.0
0.0
0.0
0.0
0.29959515690115834
0.38685782836199734
0.0
0.0
0.0
0.0
0.0
0.6295936414472689
0.0
0.0
0.0
0.0
0.0
0.0
0.0
0.336372263022017
0.1422969859504275
0.0
0.8080690667215498
0.1516966764323132
0.18609966483518675
0.0
0.0
0.0
0.0
0.22585659826284524
0.22585659826284524
0.0
0.0
0.0
0.0
0.18884905914624187
0.18884905914624187
0.0
0.0
0.5563896873590837
0.0
0.1516966764323132
0.0
0.0
0.0
0.0
0.3480338488127797
0.0
0.0
0.0
0.1516966764323132
0.8376435283014672
0.0
0.0
0.0
0.0
0.22585659826284524
0.0
0.0
0.0
0.0
0.336372263022017
0.1516966764323132
0.0
0.0
0.0
0.0
0.0
0.18884905914624187
0.0
0.1516966764323132
0.0
0.22585659826284524
0.5197698178706155
0.0
0.4098079668659227
0.1516966764323132
0.0
0.0
0.0
0.9230951467178542
0.0
0.0
0.0
0.22807682063024745
0.3480338488127797
0.0
0.9270526835710698
0.0
0.0
0.0
0.0
0.0
0.22585659826284524
0.3480338488127797
0.48313503801183444
0.0
0.0
0.0
0.0
0.3547276344565019
0.0
0.22585659826284524
0.336372263022017
0.0
0.0
0.0
0.18884905914624187
0.7105585792139487
0.576877620772934
0.0
0.0
0.0
0.0
0.0
0.0
0.5392495052798023
0.18884905914624187
0.4098079668659227
0.26276274686132095
0.0
0.0
0.0
0.0
0.0
0.0
0.0
0.26276274686132095
0.29959515690115834
0.5563896873590837
0.0
0.0
0.18884905914624187
0.0
0.18884905914624187
0.0
0.0
0.0
0.1516966764323132
0.18884905914624187
0.29959515690115834
0.0
0.1516966764323132
0.0
0.0
0.5297594331586677
0.0
0.0
0.0
0.22585659826284524
0.0
0.0
0.0
0.4635100475933245
0.4253243628307147
0.3731068276667382
0.0
0.5929970007462357
0.38685782836199734
0.1516966764323132
0.0
0.0
0.336372263022017
0.0
0.0
0.18884905914624187
0.0
0.0
0.3480338488127797
0.18884905914624187
0.3547276344565019
0.0
0.48313503801183444
0.9963692345323804
0.0
0.0
0.0
0.0
0.26276274686132095
0.5014710525910483
0.3731068276667382
0.5953639725477701
0.1516966764323132
0.0
0.0
0.0
0.0
0.0
0.0
0.0
0.0
0.4635100475933245
0.5392495052798023
0.1516966764323132
0.0
0.0
0.0
0.30874519065891143
0.0
0.0
0.0
0.0
0.1516966764323132
0.0
0.0
0.7634806587379108
0.18884905914624187
0.18884905914624187
0.26276274686132095
0.0
0.0
0.0
0.5563896873590837
0.1516966764323132
0.4635100475933245
0.0
0.0
0.0
0.22585659826284524
0.0
0.18884905914624187
0.5953639725477701
0.0
0.0
0.0
0.1516966764323132
0.0
0.0
0.0
0.1516966764323132
0.446482365708678
0.0
0.8281201576816618
0.18884905914624187
0.5953639725477701
0.0
0.0
0.0
0.0
0.0
0.0
0.5197698178706155
0.0
0.0
0.0
0.0
0.0
0.0
0.4635100475933245
0.0
0.0
0.0
0.0
0.0
0.0
0.0
0.0
0.0
0.0
0.0
0.7303619910909744
0.7485772582967894
0.0
0.0
0.0
0.0
0.0
0.0
0.7693393684478054
0.0
0.0
0.0
0.0
0.26276274686132095
0.1516966764323132
0.5953639725477701
0.0
0.5563896873590837
0.0
0.0
0.0
0.18884905914624187
0.0
0.0
0.0
0.6339854236752526
0.3731068276667382
1.06123630534313
0.0
0.0
0.3731068276667382
0.18884905914624187
0.0
1.4747088392540828
0.0
0.336372263022017
0.0
0.26276274686132095
0.26276274686132095
0.1516966764323132
0.18609966483518675
0.0
0.0
0.0
0.0
0.0
0.9456404561832376
0.0
0.0
0.0
0.0
0.0
0.4098079668659227
0.1516966764323132
0.0
0.0
0.22585659826284524
0.0
0.0
0.0
0.0
0.0
0.0
0.0
0.0
0.29959515690115834
0.0
0.5392495052798023
0.0
0.0
0.0
0.0
0.0
0.0
0.3731068276667382
0.0
0.906721580140607
0.22585659826284524
0.22807682063024745
0.0
0.0
0.0
0.0
0.0
2.7678862023989264
0.0
0.6295936414472689
0.5197698178706155
0.0
0.0
0.18884905914624187
0.22585659826284524
0.8376435283014672
0.0
0.0
0.18884905914624187
0.1422969859504275
0.0
0.3731068276667382
0.0
0.0
0.0
0.0
0.0
0.38685782836199734
0.0
0.576877620772934
0.775900159105512
0.0
0.0
0.336372263022017
0.2280768206302475
0.0
0.5563896873590837
0.0
0.0
0.0
1.006360388665013
0.0
0.0
0.3731068276667382
0.0
0.0
0.6517777899800922
0.4098079668659227
0.26883696103217575
0.0
0.0
0.0
0.26276274686132095
0.0
0.446482365708678
0.9990426239929359
0.0
0.0
0.7864513571361181
0.0
0.0
0.29959515690115834
0.7485772582967894
0.0
0.0
0.22585659826284524
0.3480338488127797
0.18884905914624187
0.0
0.0
0.0
0.0
0.0
0.0
0.0
0.0
0.0
0.0
0.26276274686132095
0.0
0.0
0.0
0.336372263022017
0.0
0.0
0.0
0.0
0.0
0.0
0.0
0.0
0.0
0.4635100475933245
0.0
0.0
0.0
0.26276274686132095
0.0
0.1516966764323132
0.0
0.0
0.0
0.9230951467178542
0.5197698178706155
0.0
0.0
0.0
0.1516966764323132
0.0
0.22585659826284524
0.0
0.0
0.22807682063024745
0.19823690120648915
0.0
0.0
0.2280768206302475
0.0
0.29959515690115834
0.0
0.0
1.0846170050852875
0.26276274686132095
0.0
0.0
0.0
0.0
0.26730458211425306
0.0
0.7027607262561353
0.0
0.0
0.0
0.0
0.22807682063024745
0.0
0.0
0.0
0.2280768206302475
0.4098079668659227
0.18884905914624187
0.18609966483518675
0.0
0.22585659826284524
0.48313503801183444
0.0
0.0
0.0
0.0
0.0
0.22585659826284524
0.0
0.0
0.0
0.0
0.0
0.5392495052798023
0.30874519065891143
0.26276274686132095
0.0
0.0
0.0
0.0
0.0
0.0
0.4098079668659227
0.0
0.0
0.0
0.22585659826284524
0.0
0.5953639725477701
0.0
0.0
0.0
0.5564597394734186
0.0
0.0
0.0
0.30874519065891143
0.0
0.0
0.0
0.1516966764323132
0.0
0.0
0.22807682063024745
0.0
0.0
0.0
0.0
0.0
0.0
0.0
0.5014710525910483
0.30874519065891143
0.0
0.3480338488127797
0.0
0.26276274686132095
0.0
0.0
0.0
0.0
0.0
0.0
1.10039417795948
0.0
0.0
0.29959515690115834
0.5929970007462357
0.6114484263557888
0.26276274686132095
0.0
0.446482365708678
0.5172121283207263
0.3480338488127797
0.0
0.5392495052798023
0.396472540724401
0.5197698178706155
0.1422969859504275
0.0
0.26276274686132095
0.1516966764323132
0.0
0.1516966764323132
0.5564597394734186
0.1516966764323132
0.0
0.0
0.48313503801183444
0.0
0.38685782836199734
0.0
0.7263162456338736
0.0
0.0
0.0
0.0
0.0
0.26276274686132095
0.396472540724401
0.18884905914624187
0.5172121283207263
0.0
0.1516966764323132
0.26276274686132095
0.0
0.0
0.0
0.48313503801183444
0.0
0.0
0.6143804552697139
0.0
0.0
0.0
0.0
0.0
0.1422969859504275
0.0
0.0
0.7693393684478054
0.5564597394734186
0.0
0.7857225319577349
0.6661811341316292
0.22585659826284524
0.0
0.0
0.0
0.29959515690115834
1.550271173193854
0.0
0.0
0.4098079668659227
0.0
0.0
0.0
0.0
0.5709142090481281
0.396472540724401
0.0
0.0
0.0
0.26276274686132095
0.336372263022017
0.5014710525910483
0.0
0.26276274686132095
0.0
0.0
0.0
0.1516966764323132
0.0
0.0
0.0
0.7263162456338736
0.0
0.4098079668659227
0.0
0.0
0.38685782836199734
0.0
0.0
0.0
0.18884905914624187
0.1516966764323132
0.1516966764323132
0.0
0.18884905914624187
0.0
0.0
0.22585659826284524
0.0
0.5197698178706155
0.4098079668659227
0.29959515690115834
0.0
0.1516966764323132
0.0
0.0
0.29959515690115834
0.0
0.0
0.0
0.0
0.0
0.0
0.6890854498720292
0.0
0.7263162456338736
0.0
0.906721580140607
0.6514784398157378
0.40071007825409233
0.6664371132381594
0.0
0.0
0.30874519065891143
0.5563896873590837
0.0
0.0
0.0
0.0
0.0
0.6514784398157378
0.0
0.0
0.0
0.0
0.22585659826284524
0.0
0.0
0.26276274686132095
0.0
0.29959515690115834
0.0
0.0
0.0
0.1516966764323132
0.0
0.0
0.18884905914624187
0.5172121283207263
0.3731068276667382
0.0
0.22585659826284524
0.0
0.0
0.6910932265775711
0.0
0.1516966764323132
0.0
0.0
0.0
0.0
0.0
0.0
0.0
0.7908471089785504
0.0
0.22807682063024745
0.3731068276667382
0.4098079668659227
0.0
0.0
0.0
0.0
0.0
0.0
0.0
0.29959515690115834
0.0
0.0
0.22585659826284524
0.1516966764323132
0.5564597394734186
0.18884905914624187
0.0
0.0
0.0
0.0
0.0
0.18884905914624187
0.0
0.576877620772934
0.0
0.4635100475933245
0.0
0.0
0.8281201576816618
0.0
0.0
0.18884905914624187
0.0
0.0
0.0
0.0
0.0
0.0
0.7263162456338736
0.0
0.1516966764323132
0.22585659826284524
0.0
0.0
0.9990426239929359
0.0
1.7369543005970944
0.0
0.0
0.576877620772934
1.5201898068758517
0.88639186076764
0.0
0.0
0.0
0.0
0.0
0.0
0.0
0.5014710525910483
0.0
0.906721580140607
0.0
0.0
0.0
0.3065323435982586
0.0
0.0
0.1516966764323132
0.38685782836199734
0.1516966764323132
0.18884905914624187
0.6661811341316292
0.22585659826284524
0.0
0.0
0.0
0.576877620772934
0.0
0.1516966764323132
0.0
0.29959515690115834
0.0
0.22585659826284524
0.0
0.0
0.1516966764323132
0.0
0.0
0.5197698178706155
0.5563896873590837
0.0
0.0
0.4635100475933245
0.0
0.446482365708678
0.336372263022017
0.446482365708678
0.0
0.0
0.0
0.0
0.0
0.18884905914624187
0.0
0.0
0.29959515690115834
0.22585659826284524
0.18884905914624187
0.0
0.0
0.5197698178706155
0.1516966764323132
0.0
0.0
0.0
0.0
0.1516966764323132
0.1516966764323132
0.0
0.0
0.0
0.0
0.1516966764323132
0.0
0.0
0.0
0.0
0.0
0.26276274686132095
0.0
0.0
0.0
0.0
0.0
0.0
0.26276274686132095
0.4098079668659227
0.4253243628307147
0.22585659826284524
0.0
0.0
0.0
0.0
0.0
0.0
0.0
0.0
0.6517777899800922
0.0
0.0
0.0
0.6514784398157378
0.336372263022017
0.0
0.0
0.1516966764323132
0.336372263022017
0.22585659826284524
0.0
0.4635100475933245
0.18884905914624187
0.0
0.0
0.5564597394734186
0.0
0.0
0.0
0.576877620772934
0.26276274686132095
0.0
0.0
0.6661811341316292
0.0
0.5197698178706155
0.0
0.0
0.0
0.30874519065891143
0.8281201576816619
0.0
0.0
0.0
0.0
0.0
0.6517777899800922
0.0
0.1516966764323132
0.0
0.18884905914624187
0.0
0.0
0.3731068276667382
0.0
0.0
0.0
0.18884905914624187
0.0
0.26883696103217575
0.0
0.0
0.0
0.0
0.5392495052798023
0.0
0.9368489426427419
0.0
0.0
0.0
0.18609966483518675
0.0
0.30874519065891143
0.0
0.26276274686132095
0.0
0.0
0.0
0.0
0.1516966764323132
0.0
0.0
0.0
0.0
0.0
0.0
0.0
0.0
0.0
0.7263162456338736
0.336372263022017
0.22585659826284524
0.26276274686132095
0.0
0.336372263022017
0.4253243628307147
0.6295936414472689
0.6517777899800922
0.0
0.0
1.271312668944232
0.0
0.0
0.22585659826284524
0.6514784398157378
0.0
0.0
0.0
0.22585659826284524
0.22807682063024745
0.0
0.0
0.5563896873590837
0.0
0.0
0.22585659826284524
0.6664371132381594
0.0
0.0
0.1422969859504275
0.0
1.0368463835406794
0.0
0.18884905914624187
0.0
0.0
0.0
0.0
0.0
0.0
0.5014710525910483
0.1516966764323132
0.0
0.22585659826284524
0.0
0.0
0.0
0.0
0.26883696103217575
0.0
0.0
0.0
0.0
0.0
0.18884905914624187
0.0
0.0
0.1516966764323132
0.0
0.0
0.0
0.38685782836199734
0.0
0.5297594331586677
0.0
0.26276274686132095
0.0
0.0
0.1422969859504275
0.1516966764323132
0.0
0.22585659826284524
0.0
0.0
0.0
0.0
0.3480338488127797
0.0
0.0
0.26276274686132095
0.446482365708678
0.8993868974974224
0.906721580140607
0.0
0.0
0.3547276344565019
0.0
0.0
0.30874519065891143
0.0
0.0
1.4747088392540837
0.22585659826284524
0.1516966764323132
0.1516966764323132
0.0
0.336372263022017
0.3087451906589115
0.0
0.0
0.18884905914624187
0.0
0.0
4.3527219066929135
0.0
0.0
0.576877620772934
0.0
0.38685782836199734
0.0
0.1516966764323132
0.1516966764323132
0.0
0.0
0.0
0.18609966483518675
0.0
0.0
0.1516966764323132
0.0
1.0745536117534764
0.0
0.0
0.0
0.38685782836199734
0.8675608751463099
0.0
0.18884905914624187
0.4635100475933245
0.4253243628307147
0.0
0.0
0.0
0.5197698178706155
0.576877620772934
0.0
0.0
0.0
0.38685782836199734
0.0
0.0
0.4253243628307147
0.0
0.1422969859504275
0.0
0.0
0.4098079668659227
0.7864513571361181
0.6295936414472689
0.0
0.0
0.0
0.0
0.0
0.0
0.0
0.0
0.0
0.0
0.1516966764323132
0.6517777899800922
0.0
0.0
0.1516966764323132
0.0
0.0
0.336372263022017
0.0
0.0
0.0
0.0
0.0
0.0
0.22585659826284524
0.0
0.0
0.0
0.5197698178706155
0.0
0.4098079668659227
0.0
0.0
0.0
0.26730458211425306
0.0
0.0
0.48313503801183444
0.7864513571361181
0.3065323435982586
0.4635100475933245
0.1516966764323132
0.0
0.0
0.8993868974974224
0.0
0.6295936414472689
0.18884905914624187
0.0
0.22807682063024745
0.6517777899800922
0.906721580140607
0.0
0.0
0.22585659826284524
0.4253243628307147
0.0
0.0
0.18609966483518675
0.1516966764323132
0.0
0.5297594331586677
0.0
0.0
0.0
0.0
0.0
0.0
0.0
0.0
0.0
0.26276274686132095
0.22585659826284524
0.0
0.18884905914624187
0.0
0.0
0.5392495052798023
0.0
0.29959515690115834
0.446482365708678
0.0
0.0
0.3731068276667382
0.0
0.7482010294798895
0.6910932265775711
0.0
0.0
0.5197698178706155
0.0
0.0
0.38685782836199734
0.0
0.48313503801183444
0.0
0.0
0.0
0.0
0.26276274686132095
0.7634806587379108
0.0
0.0
0.0
0.0
0.0
0.4253243628307147
0.0
0.48313503801183444
0.0
0.7027607262561353
0.5564597394734186
0.0
0.6143804552697139
0.0
0.9990426239929359
0.8465864686383627
0.18884905914624187
0.3731068276667382
0.0
0.4635100475933245
0.0
0.5392495052798023
0.0
0.0
4.505849111997705
0.26276274686132095
0.0
0.1516966764323132
0.0
0.0
0.1516966764323132
0.6114484263557889
0.0
0.0
0.0
0.0
0.1516966764323132
0.18884905914624187
0.0
0.18884905914624187
0.0
0.5953639725477701
0.22585659826284524
0.1516966764323132
0.5929970007462357
0.9611302666933774
0.0
0.0
0.30874519065891143
0.0
0.0
0.0
0.2688369610321758
0.0
0.0
0.4098079668659227
0.0
0.0
0.0
0.0
0.336372263022017
0.446482365708678
0.6661811341316292
0.0
0.22585659826284524
0.8053088323822082
0.0
0.0
0.25490564164093393
0.0
0.0
0.22585659826284524
0.0
0.5197698178706155
0.0
0.7634806587379108
0.5197698178706155
0.1422969859504275
0.4098079668659227
0.1516966764323132
0.4098079668659227
0.6890854498720292
0.0
0.7485772582967894
0.0
0.0
0.0
0.0
0.0
0.0
0.0
0.0
0.0
0.0
0.0
0.0
0.30874519065891143
0.0
0.26883696103217575
0.0
0.0
0.0
0.0
0.0
0.0
0.18884905914624187
0.0
0.3480338488127797
0.0
0.336372263022017
0.0
0.0
0.0
0.0
0.22807682063024745
0.6723712231803443
0.0
0.29959515690115834
0.0
0.3731068276667382
0.26276274686132095
0.0
0.0
0.0
0.0
0.336372263022017
0.0
0.336372263022017
0.0
0.0
0.48313503801183444
0.0
0.0
0.0
0.0
0.6295936414472689
0.0
0.576877620772934
0.0
0.0
1.1620650917565856
0.0
0.0
0.18884905914624187
0.0
0.0
0.0
0.0
0.1516966764323132
0.6295936414472689
0.0
0.22585659826284524
0.7883527590016046
0.0
0.0
0.0
0.5297594331586677
0.0
0.0
0.0
0.0
0.0
0.0
0.4098079668659227
0.0
0.2549056416409338
0.0
0.0
0.18609966483518675
0.2549056416409339
0.0
0.22585659826284524
0.0
0.0
0.29959515690115834
0.5172121283207263
0.6514784398157377
0.0
0.18884905914624187
0.0
0.0
0.5929970007462357
0.1516966764323132
0.0
0.0
0.0
0.0
0.0
0.0
0.48313503801183444
0.0
0.0
0.0
0.0
0.6295936414472689
0.0
0.0
0.0
0.1516966764323132
0.29959515690115834
0.0
0.0
0.0
0.5563896873590837
0.0
0.0
0.0
0.26276274686132095
0.336372263022017
0.29959515690115834
0.0
0.0
0.0
0.0
0.0
0.22585659826284524
0.7485772582967894
0.576877620772934
0.0
0.1516966764323132
0.22585659826284524
0.0
0.0
0.0
0.0
0.0
0.0
0.86756087514631
0.0
0.0
0.0
0.5386574096468638
0.7485772582967894
0.8376435283014672
0.29959515690115834
0.29959515690115834
0.0
0.0
0.1516966764323132
0.0
0.0
0.0
0.48313503801183444
0.0
0.2688369610321758
0.29959515690115834
0.0
0.0
0.22807682063024745
0.0
0.8465864686383627
0.47754189799469116
0.0
0.0
0.0
0.22585659826284524
0.7883527590016046
0.18884905914624187
0.0
0.22585659826284524
0.0
0.0
0.1516966764323132
0.4635100475933245
0.0
0.0
0.0
0.0
0.26276274686132095
0.18884905914624187
0.0
0.4098079668659227
0.0
0.336372263022017
0.0
0.18884905914624187
0.0
0.22585659826284524
0.0
0.22585659826284524
0.0
0.4635100475933245
0.26883696103217575
0.0
0.1516966764323132
0.0
0.0
0.0
0.0
0.0
0.1516966764323132
0.1516966764323132
0.0
0.1516966764323132
0.1516966764323132
0.8198218416196413
0.7485772582967894
0.18609966483518675
0.0
0.0
0.0
0.0
0.8281201576816619
0.0
0.9990426239929359
0.0
0.0
0.0
0.0
0.0
0.0
0.336372263022017
0.0
0.0
0.22585659826284524
0.576877620772934
0.0
0.18884905914624187
0.0
0.3731068276667382
0.0
0.0
0.18884905914624187
0.0
0.0
0.0
0.18884905914624187
0.0
0.0
0.0
0.18884905914624187
0.30874519065891143
0.18884905914624187
0.0
0.0
0.0
0.0
0.17026694357845834
0.0
0.0
0.0
0.1516966764323132
0.18884905914624187
0.18884905914624187
0.0
0.1516966764323132
0.0
0.0
0.48313503801183444
0.26276274686132095
0.38685782836199734
0.4098079668659227
0.0
0.18884905914624187
0.0
0.26276274686132095
0.0
0.576877620772934
0.18884905914624187
0.29959515690115834
0.0
0.18884905914624187
0.22585659826284524
0.0
0.0
0.6114484263557888
0.29959515690115834
0.446482365708678
0.0
0.0
0.9116276753247733
0.0
0.5564597394734186
0.0
0.0
0.0
0.0
0.0
0.0
0.0
0.18884905914624187
0.0
0.0
0.9368489426427419
0.0
0.446482365708678
0.0
0.35479768657083677
0.0
0.0
0.1516966764323132
0.8005873477916808
0.7637073743516734
0.43734339370197783
0.3731068276667382
0.0
0.0
0.0
0.3480338488127797
0.0
0.0
0.0
0.7320204512303332
0.4098079668659227
0.4253243628307147
0.30874519065891143
0.0
0.1516966764323132
0.0
0.0
0.0
0.18884905914624187
0.18884905914624187
0.0
0.0
0.0
0.0
0.29959515690115834
0.0
0.0
0.0
0.22585659826284524
0.0
0.22585659826284524
0.0
0.22585659826284524
0.0
0.26276274686132095
0.0
0.0
0.0
0.0
0.48313503801183444
0.0
0.0
0.5197698178706155
0.0
0.0
0.4635100475933245
0.18884905914624187
0.0
0.0
0.0
0.0
0.0
0.18884905914624187
0.0
0.0
0.0
0.0
0.0
0.26276274686132095
0.0
0.0
0.48313503801183444
0.38685782836199734
0.1516966764323132
0.4098079668659227
0.0
0.5953639725477701
0.22585659826284524
0.26883696103217575
0.0
0.576877620772934
0.5172121283207263
0.4253243628307147
0.0
0.0
0.0
0.0
0.6661811341316292
0.5953639725477701
0.3731068276667382
0.0
0.1516966764323132
0.1516966764323132
0.1516966764323132
0.0
0.4098079668659227
0.18609966483518675
0.26883696103217575
0.0
0.0
0.7864513571361181
0.0
0.26276274686132095
0.29959515690115834
0.0
0.0
0.0
0.0
0.0
0.18609966483518675
0.26276274686132095
0.29959515690115834
0.0
0.0
0.0
0.0
0.0
0.446482365708678
0.0
0.48313503801183444
0.0
0.3731068276667382
0.0
0.0
0.6890854498720292
0.18884905914624187
1.2005420843356034
0.0
0.0
0.0
0.0
0.0
0.38685782836199734
0.14229698595042756
0.6664371132381594
0.0
0.4098079668659227
0.0
0.0
0.18884905914624187
0.0
0.576877620772934
0.0
0.30874519065891143
0.0
0.0
0.0
0.0
0.3480338488127797
0.7482010294798895
0.0
0.26276274686132095
0.1516966764323132
0.0
0.1516966764323132
0.0
0.0
0.0
0.8242005912196865
0.4098079668659227
0.0
0.4635100475933245
0.5297594331586677
0.0
0.0
0.0
0.26276274686132095
0.1860996648351868
1.7881586328361174
0.446482365708678
0.0
0.0
0.6143804552697139
0.0
0.26883696103217575
0.0
0.0
0.1516966764323132
0.5014710525910483
0.4098079668659227
0.7864513571361181
0.0
0.6246162897755297
0.0
0.0
0.0
0.6295936414472689
0.0
0.0
0.0
0.5014710525910483
0.0
0.48313503801183444
0.0
0.5953639725477701
0.0
0.0
0.1516966764323132
0.576877620772934
0.0
0.0
0.0
0.0
0.0
0.48313503801183444
0.0
0.0
0.5197698178706155
0.0
0.0
0.2280768206302475
0.26276274686132095
0.0
0.0
0.6143804552697139
0.0
0.1516966764323132
0.0
0.0
0.0
0.18884905914624187
0.0
0.0
0.4635100475933245
0.0
0.0
0.0
0.0
0.48313503801183444
0.1516966764323132
0.0
0.0
0.7864513571361181
0.1516966764323132
0.0
0.3547276344565019
0.0
0.0
0.3731068276667382
0.6517777899800922
0.0
0.29959515690115834
0.26883696103217575
0.1516966764323132
0.0
0.0
0.0
0.0
0.0
0.0
0.0
0.0
0.1516966764323132
0.30874519065891143
0.5563896873590837
0.0
0.0
0.336372263022017
0.1516966764323132
0.1516966764323132
0.5929970007462357
0.0
0.0
0.0
0.0
0.0
0.2280768206302475
0.0
0.26883696103217575
0.0
0.9456404561832376
0.0
0.0
0.0
0.3480338488127797
0.22585659826284524
0.0
0.22807682063024745
0.22585659826284524
0.0
0.6890854498720292
0.7693393684478054
0.0
0.0
0.0
0.0
0.22585659826284524
0.5014710525910483
0.0
0.0
0.0
0.18884905914624187
0.5197698178706155
0.0
0.0
0.18884905914624187
0.0
0.29959515690115834
0.38685782836199734
0.0
0.0
0.18884905914624187
0.0
0.0
0.0
0.0
0.0
0.1516966764323132
0.0
0.0
0.0
0.0
0.0
0.26883696103217575
0.48313503801183444
0.0
0.0
0.0
0.4635100475933245
0.0
0.8281201576816619
0.0
0.0
0.0
0.0
0.22585659826284524
0.0
0.0
0.6723712231803443
0.0
0.446482365708678
0.0
0.0
0.0
0.336372263022017
0.0
0.4098079668659227
0.0
0.0
0.22585659826284524
0.0
0.0
0.0
0.0
0.0
0.0
0.18884905914624187
1.4747088392540828
0.0
0.47754189799469116
0.0
0.1516966764323132
0.3118173238015063
0.0
0.0
0.7637073743516734
0.7027607262561353
0.0
0.6517777899800922
0.4098079668659227
0.1516966764323132
0.0
0.18884905914624187
0.5563896873590837
0.0
0.0
0.0
0.0
0.0
0.18609966483518675
0.1516966764323132
0.0
0.7485772582967894
0.0
0.0
0.0
0.0
0.0
0.0
0.18609966483518675
0.0
0.1516966764323132
0.0
0.0
0.0
0.0
0.1516966764323132
0.0
0.0
0.0
0.0
0.0
0.0
0.0
0.3731068276667382
0.3731068276667382
0.38685782836199734
0.0
0.0
0.26276274686132095
0.0
0.1516966764323132
0.1516966764323132
0.0
0.0
0.0
0.0
0.0
0.0
0.0
0.1516966764323132
0.0
0.0
0.3065323435982587
0.6517777899800922
0.0
0.0
0.0
0.0
0.0
0.0
0.0
0.18884905914624187
0.0
0.5563896873590837
0.0
1.8145965356333982
0.3480338488127797
0.0
0.0
0.0
0.1516966764323132
0.0
0.0
0.5172121283207263
0.29959515690115834
0.0
0.1516966764323132
0.26276274686132095
0.0
0.0
0.26276274686132095
0.0
0.0
0.0
0.0
0.22585659826284524
0.1516966764323132
0.48313503801183444
0.22585659826284524
0.0
0.0
0.7075929070837057
0.1516966764323132
0.0
0.0
0.0
0.0
0.5563896873590837
0.0
0.0
0.18884905914624187
0.0
0.22585659826284524
0.0
0.0
0.0
0.6114484263557889
0.0
0.0
0.0
0.576877620772934
0.0
0.336372263022017
0.5014710525910483
0.0
0.5197698178706155
0.5014710525910483
0.0
0.0
0.0
0.0
0.0
0.0
0.3065323435982586
0.0
0.9854713974950254
0.22585659826284524
0.38685782836199734
0.0
0.0
0.0
0.38685782836199734
0.5563896873590837
0.6514784398157378
0.8618412472547675
0.0
0.0
0.1422969859504275
0.0
0.0
0.0
0.0
0.0
0.0
0.0
0.0
0.0
0.0
0.0
0.5563896873590837
0.1516966764323132
0.0
0.0
0.0
0.5197698178706155
0.0
0.18884905914624187
0.0
0.26276274686132095
0.48313503801183444
0.0
0.0
1.0228736358893322
0.0
0.0
0.0
0.0
0.0
0.0
0.0
0.0
0.0
0.0
0.1516966764323132
0.0
0.0
0.0
0.0
0.7482010294798894
0.0
0.18884905914624187
0.0
0.0
0.0
0.336372263022017
0.446482365708678
0.8993868974974224
0.0
0.0
0.26883696103217575
0.0
0.0
0.0
0.26276274686132095
0.0
0.0
0.0
0.0
0.0
0.0
0.0
0.0
0.0
0.0
0.22585659826284524
0.0
0.26276274686132095
0.0
0.9230951467178542
1.011559375462413
0.6143804552697139
0.0
0.0
0.0
0.18884905914624187
0.0
0.0
0.0
0.0
0.30874519065891143
1.9384134267919932
0.22585659826284524
0.0
0.0
0.0
0.0
0.22585659826284524
0.0
0.0
0.0
0.18884905914624187
0.0
0.22585659826284524
3.251302623580586
0.0
0.0
0.0
0.22585659826284524
0.1516966764323132
0.0
0.0
0.0
0.22585659826284524
0.18884905914624187
0.0
0.0
0.22807682063024745
0.0
0.7864513571361181
0.9270526835710698
0.0
0.0
0.0
0.0
0.48313503801183444
0.336372263022017
0.0
1.004462525383231
0.336372263022017
0.0
0.0
0.0
0.1516966764323132
0.0
0.1516966764323132
0.26730458211425306
0.0
0.1516966764323132
0.0
0.0
0.0
0.0
0.22585659826284524
0.0
0.48313503801183444
0.6517777899800922
0.0
0.0
0.0
0.3480338488127797
0.0
0.0
0.48313503801183444
0.0
0.0
0.0
0.18884905914624187
0.0
0.38685782836199734
0.0
0.0
0.6723712231803443
0.0
0.0
0.0
0.0
0.0
0.22585659826284524
0.0
0.1422969859504275
0.0
0.0
0.0
0.0
0.5929970007462357
0.0
0.336372263022017
0.26276274686132095
0.3731068276667382
0.0
0.7027607262561353
0.0
0.0
0.4098079668659227
0.5564597394734186
0.0
0.0
0.18609966483518675
0.0
0.576877620772934
0.0
0.0
0.0
0.1516966764323132
0.8005873477916808
0.1516966764323132
0.0
0.0
0.0
0.0
0.0
0.0
0.18884905914624187
0.0
0.48313503801183444
0.0
0.0
0.0
0.0
0.0
0.1516966764323132
0.0
0.0
0.0
0.0
0.0
0.0
0.0
0.0
0.0
0.0
0.0
0.0
0.0
0.0
0.0
0.0
0.0
0.5392495052798023
0.446482365708678
0.0
0.446482365708678
0.1516966764323132
0.0
0.0
0.18884905914624187
0.29959515690115834
0.0
0.0
0.18884905914624187
0.0
0.0
0.0
0.0
0.0
0.7485772582967894
0.26883696103217575
0.1516966764323132
0.0
0.0
0.18884905914624187
0.26883696103217575
0.0
0.0
0.0
0.0
0.26276274686132095
46.59803806411165
0.22585659826284524
0.5392495052798023
0.0
0.0
0.0
0.0
0.4098079668659227
0.0
0.0
0.446482365708678
0.5197698178706155
0.5929970007462357
0.0
0.0
0.336372263022017
0.0
0.0
0.5297594331586677
0.0
0.0
0.0
0.336372263022017
0.0
0.0
0.26276274686132095
0.336372263022017
0.0
0.3731068276667382
0.0
0.0
0.6890854498720292
0.0
0.0
0.0
0.0
0.0
0.336372263022017
0.18884905914624187
0.0
0.18884905914624187
0.5929970007462357
0.1516966764323132
0.0
0.0
0.5929970007462357
0.0
0.0
0.8198218416196411
0.22807682063024745
0.18884905914624187
0.0
0.5929970007462357
0.0
0.7482010294798894
0.48313503801183444
0.1516966764323132
0.0
0.0
0.1422969859504275
0.0
0.48313503801183444
0.22585659826284524
0.0
0.18884905914624187
0.18884905914624187
0.9623250627334949
0.0
0.26276274686132095
0.5392495052798023
0.0
0.0
0.3731068276667382
0.22585659826284524
0.0
0.0
0.18609966483518675
0.4253243628307147
0.0
0.1516966764323132
0.0
0.336372263022017
0.22585659826284524
0.0
0.0
0.1516966764323132
0.3731068276667382
0.0
0.5392495052798023
0.0
0.0
0.5392495052798023
0.0
0.0
0.29959515690115834
0.0
0.0
0.26276274686132095
0.0
0.0
0.0
0.0
0.0
0.26276274686132095
0.0
0.0
0.0
0.0
0.4098079668659227
0.0
0.0
0.26276274686132095
0.0
0.0
0.0
0.0
0.4098079668659227
0.0
0.6890854498720292
0.0
0.0
0.7303619910909744
0.26276274686132095
0.0
0.0
0.0
0.446482365708678
0.0
0.0
0.0
0.1516966764323132
0.0
0.0
0.0
0.0
0.0
0.0
0.0
0.0
0.4253243628307147
0.0
0.0
0.6890854498720292
0.7883527590016046
0.0
0.0
0.0
0.0
0.0
0.0
0.0
0.0
0.0
0.18884905914624187
0.0
0.0
0.29959515690115834
0.5297594331586677
0.0
0.26276274686132095
0.22585659826284524
0.0
0.0
0.9865444919958302
0.336372263022017
0.0
0.0
0.0
0.9456404561832376
0.336372263022017
0.0
0.0
0.29959515690115834
0.1516966764323132
0.5392495052798023
0.0
0.0
0.0
0.0
0.0
0.0
0.0
0.0
0.0
0.4449112326360222
0.446482365708678
0.0
0.0
0.4098079668659227
0.5392495052798023
0.48313503801183444
0.0
0.0
0.18884905914624187
0.0
0.0
0.0
0.18884905914624187
0.3480338488127797
0.0
0.18609966483518675
0.0
0.0
0.0
0.0
1.6403073278488836
0.5564597394734186
0.0
0.0
0.0
0.0
0.0
0.38685782836199734
0.0
0.8281201576816619
0.0
0.336372263022017
0.18609966483518675
1.9736290911104344
0.0
0.0
0.0
0.0
0.0
0.1516966764323132
0.0
0.0
0.9230951467178542
0.0
0.29959515690115834
0.0
0.0
0.1516966764323132
0.0
0.8314031738852702
0.5297594331586677
0.0
0.0
0.0
0.0
0.0
0.0
0.1516966764323132
0.0
0.0
0.5902273083708862
0.22585659826284524
0.48782895904195805
0.4635100475933245
0.0
0.43734339370197783
0.0
0.0
0.0
1.127800253628564
0.0
0.0
0.22807682063024745
0.0
0.4098079668659227
0.1422969859504275
0.22585659826284524
0.3731068276667382
0.0
0.18884905914624187
0.0
0.0
0.22585659826284524
0.0
0.0
0.0
0.4253243628307147
0.0
0.0
0.0
0.5172121283207263
0.7303619910909744
0.26276274686132095
0.0
0.1516966764323132
0.0
0.0
0.0
0.6143804552697139
0.18884905914624187
1.1620650917565858
0.0
0.0
0.1516966764323132
0.29959515690115834
0.0
0.0
0.5563896873590837
0.0
0.0
0.29959515690115834
0.6910932265775711
0.22585659826284524
0.0
0.0
0.1516966764323132
0.0
0.26276274686132095
0.0
0.0
0.0
0.0
0.0
0.0
0.0
0.18609966483518675
0.0
0.0
0.29959515690115834
0.0
0.0
0.0
0.48313503801183444
0.0
0.1516966764323132
0.0
0.3731068276667382
0.0
0.1516966764323132
0.4635100475933245
0.0
0.48313503801183444
0.0
0.0
0.8242005912196865
0.0
0.0
0.0
0.0
0.0
0.0
0.0
0.0
0.0
0.0
0.576877620772934
0.0
0.0
0.0
0.0
0.0
0.0
0.3731068276667382
0.0
0.0
0.0
0.0
0.0
0.6723712231803443
2.118788299135533
0.0
0.0
0.0
0.0
0.0
0.0
0.0
0.0
0.0
0.0
0.22807682063024745
0.1516966764323132
0.26883696103217575
0.0
0.0
0.0
0.0
0.0
0.0
0.0
0.5172121283207263
0.8080690667215498
0.0
0.0
0.0
0.1516966764323132
0.7303619910909744
1.0044625253832313
0.0
0.0
0.0
0.0
0.0
0.0
0.0
0.22585659826284524
0.1516966764323132
0.0
0.3087451906589115
0.0
0.0
0.5197698178706155
0.1516966764323132
0.0
0.48313503801183444
0.906721580140607
0.1516966764323132
0.22585659826284524
0.1516966764323132
0.6514784398157378
0.1516966764323132
0.18884905914624187
0.5014710525910483
0.0
0.0
0.0
0.0
0.0
0.18884905914624187
0.1516966764323132
0.0
0.0
0.7883527590016047
0.0
0.0
0.0
0.22585659826284524
0.0
0.6339854236752526
0.5953639725477701
0.22585659826284524
0.0
0.0
0.18884905914624187
0.0
0.6723712231803443
0.6295936414472689
0.5197698178706155
0.0
0.29959515690115834
0.0
0.29959515690115834
0.26276274686132095
0.0
0.0
0.0
0.0
0.0
0.8376435283014672
0.0
0.1516966764323132
0.9368489426427419
0.0
0.0
0.0
0.0
0.0
0.3731068276667382
0.8618412472547675
0.0
0.1516966764323132
0.0
0.0
0.0
0.0
0.0
0.0
0.0
0.18884905914624187
0.1516966764323132
0.446482365708678
0.0
0.0
0.14229698595042756
0.0
0.6392856550618992
1.06123630534313
0.0
0.1516966764323132
0.4449112326360222
0.0
1.4131263424225469
0.26276274686132095
0.0
0.0
0.0
0.0
0.0
0.0
0.22585659826284524
0.0
0.0
0.0
0.0
0.0
0.0
0.0
0.0
0.0
0.1516966764323132
0.0
0.0
0.0
0.0
0.0
0.18884905914624187
0.0
0.0
0.1516966764323132
0.0
0.0
0.7864513571361181
0.22585659826284524
0.6556602259561504
0.6295936414472689
0.0
0.29959515690115834
0.0
0.18609966483518675
0.5172121283207263
0.26276274686132095
0.5563896873590837
0.0
0.0
0.0
0.0
0.0
0.0
0.0
0.7263162456338736
0.0
0.0
0.0
0.0
0.1516966764323132
0.0
0.0
0.0
0.576877620772934
0.5392495052798023
0.0
0.0
0.1516966764323132
0.0
0.0
0.336372263022017
0.2549056416409339
0.0
0.446482365708678
0.3731068276667382
0.0
0.0
0.0
0.0
0.6661811341316292
0.0
0.38685782836199734
0.0
0.0
0.4635100475933245
0.6114484263557889
0.0
0.0
0.0
0.0
0.26276274686132095
0.43734339370197783
0.0
0.0
0.0
0.0
0.0
0.0
0.0
0.0
0.0
0.0
0.0
0.22585659826284524
0.0
0.0
0.0
0.26276274686132095
0.6143804552697139
0.0
1.0044625253832313
0.0
0.0
0.26883696103217575
0.0
0.22585659826284524
0.0
0.29959515690115834
0.0
0.0
0.0
0.0
0.0
0.0
0.0
0.29959515690115834
0.0
0.0
0.29959515690115834
0.0
0.0
0.0
0.0
0.18884905914624187
1.5219707678186718
0.0
0.0
0.6514784398157378
0.26276274686132095
0.0
0.0
0.22585659826284524
0.3731068276667382
0.3731068276667382
0.0
0.4098079668659227
0.26730458211425306
0.0
0.0
0.0
0.0
0.0
0.0
0.22585659826284524
0.0
0.1516966764323132
0.0
0.0
0.0
0.0
0.0
0.38685782836199734
0.22585659826284524
0.7634806587379108
0.4098079668659227
0.0
0.0
0.336372263022017
0.7864513571361181
0.0
0.336372263022017
0.18884905914624187
0.29959515690115834
0.0
0.0
0.4635100475933245
0.446482365708678
0.1516966764323132
0.0
0.26276274686132095
0.0
0.0
0.38685782836199734
0.0
0.4635100475933245
0.14229698595042756
0.18884905914624187
0.0
0.1516966764323132
0.0
0.0
0.0
0.0
0.26883696103217575
0.0
0.0
0.0
0.5563896873590837
0.0
0.7634806587379108
0.0
0.22585659826284524
0.0
0.0
0.336372263022017
0.5392495052798023
0.0
0.0
0.0
0.0
0.0
0.3731068276667382
0.0
0.0
0.6514784398157378
0.26883696103217575
0.1516966764323132
0.0
0.0
0.26276274686132095
0.5564597394734186
0.3547276344565019
0.43734339370197783
0.30874519065891143
0.0
0.3731068276667382
0.1516966764323132
0.0
0.5929970007462357
0.0
0.9611302666933774
0.1516966764323132
0.6723712231803443
0.0
0.0
0.18884905914624187
0.0
0.1516966764323132
0.0
0.0
0.0
0.29959515690115834
0.0
0.0
0.0
0.0
0.0
0.18884905914624187
0.5197698178706155
0.0
0.0
0.0
0.0
0.0
0.0
0.0
0.26276274686132095
0.1516966764323132
0.4098079668659227
0.0
0.0
0.5563896873590837
0.22585659826284524
0.0
0.0
0.0
0.6890854498720292
0.0
0.4098079668659227
0.1516966764323132
0.1516966764323132
0.0
0.4253243628307147
0.0
0.3731068276667382
0.0
0.0
0.0
0.0
0.0
0.0
0.0
0.0
0.0
0.26276274686132095
0.0
0.48782895904195817
0.0
0.8080690667215498
0.0
0.0
0.0
0.0
0.4253243628307147
0.8993868974974224
0.0
0.22585659826284524
0.0
0.26276274686132095
0.0
0.0
0.0
0.1516966764323132
0.0
0.0
0.5197698178706155
0.3731068276667382
0.0
0.0
0.0
0.0
0.0
0.0
0.775900159105512
0.0
0.0
0.1516966764323132
0.22807682063024745
0.0
0.0
0.0
0.0
0.0
0.0
0.0
0.4098079668659227
0.0
0.26883696103217575
0.0
0.0
0.0
0.1516966764323132
0.0
0.0
0.1516966764323132
0.336372263022017
0.3731068276667382
0.3731068276667382
0.29959515690115834
0.0
0.18884905914624187
0.0
0.0
0.5014710525910483
0.18884905914624187
0.0
0.0
0.22807682063024745
0.0
0.26276274686132095
0.0
0.0
0.0
0.0
0.0
0.0
0.0
0.4098079668659227
0.0
0.0
0.0
0.0
0.5297594331586676
0.1516966764323132
0.0
0.1516966764323132
0.3480338488127797
0.0
0.0
0.0
0.4253243628307147
0.4635100475933245
0.6517777899800922
0.336372263022017
0.446482365708678
0.0
0.0
0.0
0.18884905914624187
0.18884905914624187
0.0
0.1516966764323132
0.0
0.0
0.5392495052798023
0.38685782836199734
0.26276274686132095
0.0
0.0
0.26276274686132095
0.5563896873590837
0.0
0.0
0.0
0.26276274686132095
0.0
0.0
0.0
0.22585659826284524
0.0
3.611177240701089
0.29959515690115834
0.0
0.0
0.0
0.1516966764323132
0.0
0.26276274686132095
0.0
0.18884905914624187
0.0
0.0
0.29959515690115834
0.0
0.0
0.0
0.29959515690115834
0.0
0.0
0.0
0.0
0.336372263022017
0.0
0.0
0.1516966764323132
0.3731068276667382
0.0
0.0
0.4098079668659227
0.0
0.1516966764323132
0.22585659826284524
0.0
0.1516966764323132
0.0
0.0
0.4098079668659227
0.0
0.0
0.3480338488127797
0.0
0.29959515690115834
0.576877620772934
0.0
0.1516966764323132
0.0
0.0
0.14229698595042756
0.6723712231803443
0.0
0.0
0.0
0.26730458211425306
0.0
0.26276274686132095
0.18609966483518675
0.0
0.576877620772934
0.3731068276667382
0.18609966483518675
0.336372263022017
0.1516966764323132
0.5197698178706155
0.26276274686132095
0.0
0.0
0.4253243628307147
0.4098079668659227
0.0
0.1516966764323132
0.0
0.0
0.0
0.0
0.0
0.0
0.0
0.29959515690115834
0.0
0.0
0.5929970007462357
0.22585659826284524
0.18884905914624187
0.0
0.0
0.22807682063024745
0.0
0.0
0.0
0.0
0.0
0.0
0.5929970007462357
0.0
0.1516966764323132
0.5197698178706155
0.8993868974974224
0.0
0.18884905914624187
0.0
0.0
0.0
0.22585659826284524
0.22585659826284524
0.0
0.1516966764323132
0.0
0.0
0.446482365708678
0.0
0.29959515690115834
0.0
0.0
0.0
0.0
0.43734339370197783
0.1516966764323132
0.0
0.0
0.0
0.22585659826284524
0.0
0.5564597394734186
0.5563896873590837
0.576877620772934
0.0
0.1516966764323132
0.22807682063024745
0.0
0.0
0.0
0.0
0.18884905914624187
0.0
0.0
0.0
0.26276274686132095
0.0
0.0
0.6143804552697139
0.4635100475933245
0.0
0.18884905914624187
0.0
0.0
0.0
0.0
0.18884905914624187
0.336372263022017
0.0
0.0
0.7263162456338736
0.22585659826284524
0.2688369610321758
0.0
0.1516966764323132
0.0
0.4098079668659227
0.0
0.0
0.0
0.0
0.0
0.0
0.3731068276667382
0.0
0.0
0.0
0.0
0.0
0.0
0.5563896873590837
0.43734339370197783
0.0
0.0
0.4253243628307147
0.0
1.683173118845071
0.0
0.0
0.38685782836199734
0.22585659826284524
0.0
0.0
0.0
1.0670803211467885
0.0
0.0
0.48313503801183444
0.0
0.3480338488127797
0.0
1.006360388665013
0.0
0.0
0.7027607262561353
0.18884905914624187
0.0
0.1516966764323132
0.0
0.0
0.1516966764323132
0.0
0.1516966764323132
0.1516966764323132
0.0
0.0
0.8376435283014672
0.0
0.6143804552697139
0.0
0.0
0.4098079668659227
0.0
0.0
0.8376435283014672
0.0
0.9456404561832376
0.446482365708678
0.0
0.0
0.0
0.0
0.0
0.0
0.0
0.0
0.0
0.336372263022017
0.0
0.4635100475933245
0.29959515690115834
0.18884905914624187
0.0
0.0
0.6661811341316292
0.0
0.0
0.0
0.18884905914624187
0.0
0.446482365708678
0.1516966764323132
0.0
0.0
0.2688369610321758
0.0
0.0
0.5172121283207263
0.0
0.0
0.0
0.0
0.336372263022017
0.6910932265775711
0.446482365708678
0.0
0.0
0.0
0.0
0.0
0.0
0.18884905914624187
0.26276274686132095
0.18884905914624187
0.0
0.0
0.0
0.0
0.4098079668659227
0.5297594331586677
0.0
0.0
0.0
0.5929970007462357
0.0
0.0
0.0
0.6295936414472689
0.0
0.4253243628307147
1.521970767818671
0.0
0.0
0.0
0.3731068276667382
0.0
0.0
0.8005873477916808
0.0
0.18884905914624187
0.0
0.0
1.004462525383231
0.4253243628307147
0.0
0.8080690667215495
0.17026694357845834
0.0
0.29959515690115834
0.1516966764323132
0.1516966764323132
0.336372263022017
0.0
0.0
0.0
0.0
0.0
0.0
0.0
0.0
0.0
0.0
0.26276274686132095
0.0
0.446482365708678
0.0
0.0
0.0
0.4098079668659227
0.0
0.0
0.0
0.3731068276667382
0.22585659826284524
0.7634806587379108
0.0
0.0
0.0
0.0
0.0
0.0
0.1516966764323132
0.7864513571361181
0.18884905914624187
0.1516966764323132
0.336372263022017
1.4937022932624988
0.6661811341316292
0.43734339370197783
0.0
0.6143804552697139
0.0
0.0
0.0
0.3731068276667382
0.0
0.5297594331586676
0.0
0.0
0.0
0.0
1.149718418174898
0.0
0.0
0.0
0.5564597394734186
0.0
0.5929970007462357
0.0
0.0
0.1422969859504275
0.5014710525910483
0.0
0.0
0.48313503801183444
0.0
0.0
0.0
0.1516966764323132
0.18884905914624187
0.0
0.0
0.3731068276667382
0.7485772582967894
0.1516966764323132
0.0
0.26883696103217575
0.5563896873590837
0.0
0.0
0.0
0.0
0.0
0.0
0.0
0.3731068276667382
0.0
0.1516966764323132
0.18884905914624187
0.5564597394734186
0.0
0.0
0.4098079668659227
0.0
0.0
0.39777804934016736
0.3731068276667382
0.0
0.1516966764323132
0.0
0.5929970007462357
0.0
0.0
0.5392495052798023
0.0
0.0
0.7637073743516734
0.18884905914624187
0.0
0.0
0.0
0.0
0.0
0.38685782836199734
0.0
0.4098079668659227
0.5929970007462357
0.0
0.0
0.30874519065891143
0.0
0.22585659826284524
0.0
0.0
0.0
0.0
0.1516966764323132
0.14229698595042756
0.0
0.0
0.26276274686132095
0.0
0.0
0.22585659826284524
0.0
0.0
0.0
0.0
0.0
0.48313503801183444
0.0
0.0
0.8080690667215498
0.22585659826284524
0.0
0.0
0.7634806587379108
0.48313503801183444
0.0
0.6246162897755296
0.0
0.0
0.0
0.1516966764323132
0.18609966483518675
0.0
0.0
0.0
0.0
0.0
1.5955090072003468
0.0
0.0
0.0
0.3480338488127797
0.4466925220516828
0.6517777899800922
0.0
0.0
0.0
0.0
0.3731068276667382
0.0
0.0
0.0
0.0
0.4098079668659227
0.0
0.0
0.0
0.0
0.0
0.26276274686132095
0.6910932265775711
1.7881586328361174
0.0
0.26276274686132095
0.0
0.0
0.26276274686132095
0.0
0.0
0.8993868974974224
0.0
0.4253243628307147
0.18884905914624187
0.0
0.0
0.0
0.0
0.0
0.0
0.6295936414472689
0.38685782836199734
0.0
0.0
0.26276274686132095
0.7634806587379108
0.0
0.0
0.0
0.1516966764323132
0.3547276344565019
0.5392495052798023
0.0
0.0
0.0
0.0
0.0
0.28930863004380736
0.0
0.3480338488127797
0.0
0.0
0.0
0.0
0.0
0.0
0.0
0.0
0.0
0.0
0.0
0.1422969859504275
0.0
0.336372263022017
0.1516966764323132
0.0
0.26276274686132095
1.0368463835406794
0.1516966764323132
0.18884905914624187
0.9865444919958297
0.0
0.30874519065891143
0.0
0.0
0.0
0.0
0.22585659826284524
0.22585659826284524
0.0
0.0
0.22585659826284524
0.0
0.26276274686132095
0.1860996648351868
0.0
0.0
0.0
0.0
0.0
0.0
0.22050265323806031
0.26883696103217575
0.0
0.22807682063024745
0.0
0.22585659826284524
0.0
1.6332669395921051
0.0
0.0
0.1516966764323132
0.22585659826284524
0.0
0.0
0.336372263022017
0.336372263022017
0.0
0.22585659826284524
0.0
0.48313503801183444
0.0
0.0
0.0
0.7864513571361181
0.48313503801183444
0.775900159105512
0.0
0.3731068276667382
0.0
0.0
0.3547276344565019
0.0
0.0
0.0
0.0
0.6514784398157378
0.1516966764323132
0.4098079668659227
0.0
0.336372263022017
0.5563896873590837
0.0
0.1516966764323132
0.0
0.0
0.26276274686132095
0.29959515690115834
0.2688369610321758
0.0
0.0
0.0
0.0
0.0
0.5563896873590837
0.9990426239929359
0.3731068276667382
0.0
0.22807682063024745
0.0
0.0
0.0
0.18884905914624187
0.0
0.0
0.29959515690115834
0.5563896873590837
0.18884905914624187
0.8053088323822082
0.0
0.0
0.336372263022017
0.0
0.0
0.0
0.6295936414472689
0.3118173238015063
0.0
0.0
0.0
0.336372263022017
0.0
0.18884905914624187
0.0
0.0
0.446482365708678
0.18884905914624187
0.7263162456338736
0.4098079668659227
1.006360388665013
0.0
0.0
0.0
0.0
0.0
0.0
0.4635100475933245
0.0
0.0
0.22585659826284524
0.4098079668659227
0.0
0.26276274686132095
0.29959515690115834
0.0
0.26883696103217575
0.0
0.0
0.0
0.0
0.0
0.0
0.0
0.0
0.0
0.0
0.0
0.0
0.6143804552697139
0.0
0.0
0.18884905914624187
0.0
0.18884905914624187
0.4098079668659227
0.1516966764323132
0.0
0.0
0.22585659826284524
0.0
0.8005873477916808
0.0
0.0
0.8624166352845263
0.0
0.5929970007462357
0.396472540724401
0.0
0.0
0.30874519065891143
0.7634806587379108
0.0
0.0
0.0
0.0
0.336372263022017
0.0
0.0
0.5563896873590837
0.0
0.0
0.0
0.22585659826284524
0.0
0.0
0.0
0.0
0.0
0.0
0.4253243628307147
0.336372263022017
0.38685782836199734
0.0
0.9990426239929359
0.0
0.22585659826284524
0.18609966483518675
0.0
0.0
0.22585659826284524
0.38685782836199734
0.22585659826284524
0.22585659826284524
0.0
0.0
0.0
0.0
0.5014710525910483
0.0
0.0
0.0
0.26276274686132095
0.0
0.0
0.0
0.6661811341316292
0.0
0.0
0.1516966764323132
0.22585659826284524
0.0
0.0
0.0
0.0
0.0
0.0
0.0
0.0
0.9195244381868448
0.0
0.18884905914624187
0.1516966764323132
0.22807682063024745
0.0
0.0
0.0
0.0
0.0
0.0
0.0
0.4253243628307147
0.26276274686132095
0.29959515690115834
0.9865444919958299
0.6517777899800922
0.0
0.0
0.0
0.26276274686132095
0.0
0.7105585792139487
0.0
0.0
0.0
0.0
0.0
0.0
0.1422969859504275
0.0
0.0
0.0
0.0
0.5392495052798023
0.18884905914624187
0.0
0.1860996648351868
0.0
0.0
0.336372263022017
0.4449112326360222
0.0
0.4253243628307147
0.1516966764323132
0.0
0.6723712231803443
0.26276274686132095
0.7839820760173716
0.18884905914624187
0.336372263022017
0.0
0.0
0.0
0.0
0.7482010294798895
0.0
0.0
0.0
0.3118173238015063
0.8624166352845263
0.9611302666933774
0.0
0.5929970007462357
0.0
0.0
0.1516966764323132
0.26276274686132095
0.0
0.0
0.0
0.0
0.0
0.0
0.0
0.0
0.0
0.0
0.0
0.0
0.47754189799469116
0.0
0.0
0.0
0.0
0.0
0.0
0.7864513571361181
0.3731068276667382
0.0
0.0
0.0
0.22585659826284524
0.0
0.8005873477916808
0.0
0.0
0.0
0.0
0.8746552612925477
0.0
0.0
0.0
0.0
0.0
0.18884905914624187
0.0
0.0
0.0
0.0
0.0
0.0
0.0
0.0
0.9611302666933774
0.0
0.0
0.0
0.5953639725477701
0.1422969859504275
0.0
0.0
0.0
0.1516966764323132
0.6143804552697139
0.1516966764323132
0.0
0.0
0.0
0.0
0.446482365708678
0.0
0.0
0.0
0.7485772582967894
0.0
0.7864513571361181
0.5197698178706155
0.0
0.0

